#Time_millis number_of_S number_of_I number_of_R
5 500 0 0
107 500 0 0
207 500 0 0
308 500 0 0
408 500 0 0
508 500 0 0
608 500 0 0
709 500 0 0
809 500 0 0
909 500 0 0
1009 500 0 0
1110 500 0 0
1210 500 0 0
1310 500 0 0
1410 500 0 0
1511 500 0 0
1611 500 0 0
1711 500 0 0
1811 500 0 0
1912 500 0 0
2012 500 0 0
2112 500 0 0
2213 500 0 0
2313 500 0 0
2413 500 0 0
2514 500 0 0
2614 500 0 0
2714 500 0 0
2815 500 0 0
2915 500 0 0
3015 500 0 0
3115 500 0 0
3216 500 0 0
3316 500 0 0
3416 500 0 0
3517 500 0 0
3617 500 0 0
3717 500 0 0
3817 500 0 0
3918 500 0 0
4018 500 0 0
4118 500 0 0
4219 500 0 0
4319 500 0 0
4419 500 0 0
4520 500 0 0
4620 500 0 0
4720 500 0 0
4821 500 0 0
4921 500 0 0
5021 500 0 0
5122 500 0 0
5222 500 0 0
5322 500 0 0
5422 500 0 0
5523 500 0 0
5623 500 0 0
5723 500 0 0
5824 500 0 0
5924 500 0 0
6024 500 0 0
6125 500 0 0
6225 500 0 0
6325 500 0 0
6425 500 0 0
6526 500 0 0
6626 500 0 0
6726 500 0 0
6827 500 0 0
6927 500 0 0
7028 500 0 0
7128 500 0 0
7228 500 0 0
7328 500 0 0
7429 500 0 0
7529 500 0 0
7629 500 0 0
7730 500 0 0
7830 500 0 0
7930 500 0 0
8031 500 0 0
8131 500 0 0
8231 500 0 0
8332 500 0 0
8432 500 0 0
8532 500 0 0
8633 500 0 0
8733 500 0 0
8833 500 0 0
8933 500 0 0
9034 500 0 0
9134 500 0 0
9234 500 0 0
9335 500 0 0
9435 500 0 0
9536 500 0 0
9636 500 0 0
9736 500 0 0
9836 500 0 0
9937 500 0 0
10037 499 1 0
10137 499 1 0
10238 499 1 0
10338 499 1 0
10438 499 1 0
10539 499 1 0
10639 499 1 0
10739 499 1 0
10840 499 1 0
10940 499 1 0
11040 499 1 0
11140 499 1 0
11241 499 1 0
11341 499 1 0
11441 499 1 0
11541 499 1 0
11642 499 1 0
11742 499 1 0
11842 499 1 0
11943 499 1 0
12043 499 1 0
12143 499 1 0
12243 499 1 0
12344 499 1 0
12444 499 1 0
12544 499 1 0
12644 499 1 0
12744 499 1 0
12845 499 1 0
12945 499 1 0
13045 499 1 0
13145 499 1 0
13246 499 1 0
13346 499 1 0
13446 499 1 0
13546 499 1 0
13646 499 1 0
13747 499 1 0
13847 499 1 0
13947 499 1 0
14047 499 1 0
14148 499 1 0
14248 499 1 0
14348 499 1 0
14448 499 1 0
14548 499 1 0
14649 499 1 0
14749 499 1 0
14849 499 1 0
14949 499 1 0
15049 499 1 0
15150 499 1 0
15250 499 1 0
15350 499 1 0
15450 499 1 0
15550 499 1 0
15651 499 1 0
15751 499 1 0
15851 499 1 0
15951 499 1 0
16052 499 1 0
16152 499 1 0
16252 499 1 0
16352 499 1 0
16452 499 1 0
16553 499 1 0
16653 499 1 0
16753 499 1 0
16853 499 1 0
16954 499 1 0
17054 499 1 0
17154 499 1 0
17254 499 1 0
17355 499 1 0
17455 499 1 0
17555 499 1 0
17655 499 1 0
17755 499 1 0
17856 499 1 0
17956 499 1 0
18056 499 1 0
18156 499 1 0
18257 499 1 0
18357 499 1 0
18457 499 1 0
18557 499 1 0
18657 499 1 0
18758 499 1 0
18858 499 1 0
18958 499 1 0
19058 499 1 0
19158 499 1 0
19259 499 1 0
19359 499 1 0
19459 499 1 0
19560 499 1 0
19660 499 1 0
19760 499 1 0
19860 499 1 0
19960 499 1 0
20061 499 1 0
20161 499 1 0
20261 499 1 0
20361 499 1 0
20462 499 1 0
20562 498 2 0
20662 498 2 0
20762 498 2 0
20863 498 2 0
20963 498 2 0
21063 498 2 0
21163 498 2 0
21264 498 2 0
21364 498 2 0
21464 498 2 0
21564 498 2 0
21664 498 2 0
21764 498 2 0
21865 498 2 0
21965 498 2 0
22065 498 2 0
22166 497 3 0
22266 497 3 0
22366 497 3 0
22466 496 4 0
22566 496 4 0
22666 496 4 0
22767 496 4 0
22867 496 4 0
22967 496 4 0
23067 496 4 0
23167 496 4 0
23267 496 4 0
23368 496 4 0
23468 496 4 0
23568 496 4 0
23668 496 4 0
23768 491 9 0
23869 491 9 0
23969 489 11 0
24069 489 11 0
24169 489 11 0
24269 489 11 0
24370 489 11 0
24470 489 11 0
24570 489 11 0
24670 489 11 0
24770 489 11 0
24871 489 11 0
24971 489 11 0
25071 489 11 0
25171 487 13 0
25271 487 13 0
25371 487 13 0
25472 486 14 0
25572 486 14 0
25672 486 14 0
25772 486 14 0
25872 486 14 0
25972 486 14 0
26073 486 14 0
26173 486 14 0
26273 486 14 0
26373 486 14 0
26473 486 14 0
26573 486 14 0
26673 486 14 0
26774 486 14 0
26874 486 14 0
26974 486 14 0
27074 486 14 0
27174 486 14 0
27275 486 14 0
27375 486 14 0
27475 486 14 0
27575 486 14 0
27675 486 14 0
27776 486 14 0
27876 486 14 0
27976 486 14 0
28076 486 14 0
28176 486 14 0
28276 486 14 0
28377 486 14 0
28477 485 15 0
28577 485 15 0
28677 485 15 0
28777 485 15 0
28877 485 15 0
28978 485 15 0
29078 485 15 0
29178 485 15 0
29278 485 15 0
29378 485 15 0
29479 485 15 0
29579 485 15 0
29679 485 15 0
29779 485 15 0
29879 485 15 0
29979 485 15 0
30080 485 14 1
30180 485 14 1
30280 483 16 1
30381 483 16 1
30481 483 16 1
30581 483 16 1
30681 483 16 1
30781 483 16 1
30882 483 16 1
30982 482 17 1
31082 481 18 1
31182 481 18 1
31282 481 18 1
31383 481 18 1
31483 481 18 1
31583 480 19 1
31683 480 19 1
31783 480 19 1
31884 480 19 1
31984 480 19 1
32084 480 19 1
32184 480 19 1
32284 475 24 1
32384 475 24 1
32485 475 24 1
32585 474 25 1
32685 473 26 1
32785 471 28 1
32885 470 29 1
32986 469 30 1
33086 468 31 1
33186 467 32 1
33286 467 32 1
33386 466 33 1
33487 465 34 1
33587 465 34 1
33687 465 34 1
33787 464 35 1
33887 464 35 1
33988 464 35 1
34088 464 35 1
34188 461 38 1
34288 458 41 1
34388 455 44 1
34489 455 44 1
34589 455 44 1
34689 453 46 1
34789 452 47 1
34890 450 49 1
34990 448 51 1
35090 447 52 1
35190 446 53 1
35290 444 55 1
35391 441 58 1
35491 440 59 1
35591 440 59 1
35691 436 63 1
35791 436 63 1
35891 434 65 1
35992 433 66 1
36092 431 68 1
36192 430 69 1
36292 430 69 1
36392 430 69 1
36493 429 70 1
36593 428 71 1
36693 428 71 1
36793 428 71 1
36893 427 72 1
36993 427 72 1
37094 426 73 1
37194 426 73 1
37294 423 76 1
37394 422 77 1
37494 421 78 1
37594 420 79 1
37695 420 79 1
37795 419 80 1
37895 417 82 1
37995 416 83 1
38095 416 83 1
38196 415 84 1
38296 414 85 1
38396 414 85 1
38496 414 85 1
38596 414 85 1
38697 414 85 1
38797 414 85 1
38897 412 87 1
38997 411 88 1
39097 408 91 1
39198 408 91 1
39298 405 94 1
39398 405 94 1
39498 405 94 1
39598 405 94 1
39699 403 96 1
39799 402 97 1
39899 399 100 1
39999 398 101 1
40099 399 101 0
40199 398 102 0
40300 398 102 0
40400 398 102 0
40500 397 103 0
40600 395 104 1
40700 394 105 1
40800 394 105 1
40901 394 105 1
41001 393 106 1
41101 393 106 1
41201 392 107 1
41301 392 107 1
41402 392 107 1
41502 388 111 1
41602 386 113 1
41702 383 116 1
41802 381 118 1
41902 380 119 1
42003 379 120 1
42103 379 120 1
42203 379 119 2
42303 378 120 2
42403 376 122 2
42504 375 122 3
42604 372 125 3
42704 368 129 3
42804 365 132 3
42904 363 134 3
43004 362 135 3
43104 362 135 3
43205 361 136 3
43305 361 136 3
43405 357 140 3
43505 352 145 3
43605 352 145 3
43705 348 147 5
43805 345 147 8
43906 344 148 8
44006 344 146 10
44106 336 154 10
44206 331 159 10
44306 330 160 10
44406 328 162 10
44507 325 165 10
44607 324 166 10
44707 323 167 10
44807 320 170 10
44907 317 173 10
45007 316 174 10
45108 311 179 10
45208 308 180 12
45308 306 182 12
45408 305 183 12
45508 302 185 13
45608 296 191 13
45709 294 193 13
45809 292 195 13
45909 290 197 13
46009 289 198 13
46109 283 204 13
46210 280 207 13
46310 276 211 13
46410 273 214 13
46510 272 215 13
46610 267 220 13
46710 260 227 13
46810 258 229 13
46911 256 231 13
47011 253 234 13
47111 251 236 13
47211 251 236 13
47311 248 239 13
47411 244 243 13
47512 240 247 13
47612 234 253 13
47712 232 255 13
47812 226 261 13
47912 223 264 13
48012 220 267 13
48113 220 267 13
48213 219 268 13
48313 215 272 13
48413 213 274 13
48513 210 276 14
48613 206 280 14
48713 204 282 14
48814 202 284 14
48914 201 285 14
49014 199 287 14
49114 193 293 14
49214 190 296 14
49315 184 302 14
49415 181 305 14
49515 179 307 14
49615 178 308 14
49715 178 308 14
49816 174 312 14
49916 172 314 14
50016 170 316 14
50116 165 321 14
50216 164 321 15
50316 163 321 16
50416 159 325 16
50517 155 329 16
50617 151 334 15
50717 150 335 15
50817 149 336 15
50917 146 338 16
51017 146 337 17
51118 145 338 17
51218 140 343 17
51318 138 345 17
51418 138 345 17
51518 136 347 17
51618 136 346 18
51718 132 350 18
51818 131 351 18
51919 125 357 18
52019 123 359 18
52119 122 360 18
52219 123 357 20
52319 121 357 22
52420 120 358 22
52520 119 359 22
52620 118 359 23
52720 116 360 24
52820 114 361 25
52921 112 361 27
53021 110 362 28
53121 107 365 28
53221 105 366 29
53321 104 367 29
53421 100 369 31
53522 96 373 31
53622 96 373 31
53722 98 373 29
53822 97 376 27
53922 97 377 26
54023 95 380 25
54123 92 383 25
54223 87 384 29
54323 86 382 32
54423 80 386 34
54523 80 386 34
54624 79 386 35
54724 75 389 36
54824 73 390 37
54924 73 388 39
55024 73 385 42
55124 72 385 43
55225 73 386 41
55326 71 385 44
55426 70 383 47
55526 71 383 46
55626 69 384 47
55726 67 383 50
55827 65 384 51
55927 64 384 52
56027 62 384 54
56127 60 385 55
56227 60 384 56
56327 60 384 56
56428 60 384 56
56528 59 384 57
56628 58 384 58
56728 58 384 58
56828 57 385 58
56928 57 384 59
57029 56 384 60
57129 54 386 60
57229 54 385 61
57329 53 384 63
57429 52 384 64
57530 52 383 65
57630 50 384 66
57730 50 383 67
57830 50 383 67
57930 49 382 69
58030 48 382 70
58131 48 381 71
58231 47 382 71
58331 47 381 72
58431 46 382 72
58531 47 382 71
58631 46 383 71
58731 46 383 71
58832 45 384 71
58932 44 383 73
59032 41 384 75
59132 41 382 77
59232 41 380 79
59332 41 379 80
59433 38 382 80
59533 37 383 80
59633 36 384 80
59733 35 383 82
59833 35 380 85
59934 34 380 86
60034 34 379 87
60134 33 380 87
60234 33 380 87
60334 33 381 86
60434 33 381 86
60535 33 380 87
60635 33 377 90
60735 33 377 90
60835 32 378 90
60935 31 379 90
61035 32 379 89
61136 31 380 89
61236 31 379 90
61336 30 380 90
61436 30 379 91
61536 29 377 94
61636 30 374 96
61737 30 371 99
61837 30 369 101
61937 29 369 102
62037 29 369 102
62137 29 369 102
62237 32 368 100
62338 33 368 99
62438 32 368 100
62538 32 365 103
62638 31 366 103
62738 32 363 105
62838 32 361 107
62939 34 359 107
63039 35 358 107
63139 35 358 107
63239 36 357 107
63339 36 355 109
63440 37 353 110
63540 36 350 114
63640 36 347 117
63740 36 346 118
63840 36 343 121
63940 36 343 121
64041 36 342 122
64141 35 335 130
64241 38 332 130
64341 39 333 128
64441 41 331 128
64541 41 327 132
64642 43 327 130
64742 44 324 132
64842 43 325 132
64942 44 322 134
65042 47 319 134
65142 47 317 136
65243 47 313 140
65343 50 312 138
65443 53 309 138
65543 53 306 141
65643 55 301 144
65743 56 299 145
65844 57 297 146
65944 59 296 145
66044 61 295 144
66144 61 290 149
66244 62 284 154
66344 62 281 157
66445 62 279 159
66545 63 276 161
66645 64 272 164
66745 63 266 171
66845 62 266 172
66945 63 264 173
67046 64 262 174
67146 64 260 176
67246 64 259 177
67346 65 259 176
67446 67 255 178
67547 67 249 184
67647 68 244 188
67747 69 243 188
67847 69 237 194
67947 71 233 196
68047 71 232 197
68148 72 232 196
68248 72 229 199
68348 73 225 202
68448 73 224 203
68548 73 219 208
68649 72 218 210
68749 72 216 212
68849 72 214 214
68949 74 214 212
69049 76 209 215
69149 78 206 216
69250 80 201 219
69350 81 196 223
69450 81 194 225
69550 81 192 227
69650 81 191 228
69750 83 190 227
69851 86 185 229
69951 88 184 228
70051 88 183 229
70151 88 178 234
70251 88 177 235
70352 88 176 236
70452 88 171 241
70552 89 168 243
70652 90 166 244
70752 90 165 245
70853 90 164 246
70953 91 161 248
71053 91 160 249
71153 91 160 249
71253 92 155 253
71353 92 153 255
71454 93 151 256
71554 96 151 253
71654 99 150 251
71754 102 146 252
71857 104 143 253
71957 105 139 256
72057 105 138 257
72157 105 137 258
72257 105 137 258
72357 104 137 259
72458 106 136 258
72558 108 136 256
72658 108 136 256
72758 112 134 254
72858 112 132 256
72958 113 133 254
73059 113 129 258
73159 113 128 259
73259 112 129 259
73359 114 125 261
73459 117 121 262
73559 120 121 259
73660 123 121 256
73760 124 120 256
73860 127 118 255
73960 127 114 259
74060 129 113 258
74161 136 110 254
74261 138 108 254
74361 138 106 256
74461 141 103 256
74561 142 104 254
74662 142 102 256
74762 145 100 255
74862 146 98 256
74962 148 98 254
75062 153 98 249
75163 155 98 247
75263 155 100 245
75363 155 98 247
75463 156 100 244
75564 159 99 242
75664 163 98 239
75764 166 96 238
75864 165 96 239
75964 165 96 239
76065 167 94 239
76165 170 95 235
76265 174 96 230
76365 173 100 227
76465 174 100 226
76565 177 101 222
76666 178 102 220
76766 185 102 213
76866 187 101 212
76966 190 101 209
77066 190 100 210
77167 190 100 210
77267 192 99 209
77367 195 98 207
77467 198 99 203
77567 202 99 199
77668 207 97 196
77768 207 98 195
77868 212 100 188
77968 216 99 185
78068 216 99 185
78169 215 99 186
78269 218 99 183
78369 220 101 179
78469 223 100 177
78569 225 100 175
78669 225 102 173
78770 227 101 172
78870 227 103 170
78970 225 102 173
79070 230 102 168
79170 232 102 166
79270 238 103 159
79371 241 103 156
79471 243 99 158
79571 246 98 156
79671 245 98 157
79771 247 98 155
79871 250 98 152
79972 252 98 150
80072 251 99 150
80172 256 97 147
80272 257 98 145
80372 257 98 145
80473 263 98 139
80573 266 98 136
80673 268 99 133
80773 269 99 132
80873 270 97 133
80973 272 97 131
81074 273 96 131
81174 276 97 127
81274 276 97 127
81374 278 97 125
81474 280 97 123
81575 279 97 124
81675 279 98 123
81775 282 99 119
81875 286 99 115
81975 288 99 113
82075 288 100 112
82176 287 102 111
82276 288 102 110
82376 288 103 109
82476 286 104 110
82576 287 104 109
82676 286 104 110
82777 285 108 107
82877 288 107 105
82977 289 107 104
83077 292 108 100
83177 291 111 98
83277 291 111 98
83378 296 111 93
83478 300 110 90
83578 300 109 91
83678 300 109 91
83778 301 110 89
83878 302 110 88
83978 305 111 84
84079 308 111 81
84179 310 109 81
84279 314 108 78
84379 317 108 75
84479 317 110 73
84580 312 115 73
84680 313 116 71
84780 316 116 68
84880 315 117 68
84980 315 117 68
85080 314 119 67
85181 314 119 67
85281 314 119 67
85381 315 121 64
85481 314 122 64
85581 315 123 62
85682 314 124 62
85782 316 123 61
85882 315 127 58
85982 315 128 57
86082 317 129 54
86183 314 132 54
86283 312 134 54
86383 310 136 54
86483 309 138 53
86583 309 138 53
86683 308 140 52
86784 307 139 54
86884 308 139 53
86984 303 144 53
87084 304 145 51
87184 303 146 51
87285 301 148 51
87385 301 149 50
87485 296 154 50
87585 295 155 50
87685 296 156 48
87786 295 157 48
87886 292 160 48
87986 291 161 48
88086 289 164 47
88186 290 164 46
88287 289 165 46
88387 286 168 46
88487 283 172 45
88587 281 174 45
88687 280 175 45
88787 275 181 44
88888 273 183 44
88988 273 186 41
89088 273 187 40
89188 271 189 40
89288 269 191 40
89388 267 193 40
89489 268 196 36
89589 265 200 35
89689 264 202 34
89789 258 208 34
89889 258 209 33
89990 254 213 33
90090 250 217 33
90190 249 220 31
90290 241 227 32
90390 240 229 31
90491 240 228 32
90591 239 229 32
90691 236 231 33
90791 234 233 33
90891 236 234 30
90992 235 235 30
91092 235 236 29
91192 234 237 29
91292 234 238 28
91392 234 238 28
91493 230 242 28
91593 228 245 27
91693 224 249 27
91793 220 253 27
91893 220 253 27
91993 219 255 26
92094 216 258 26
92194 212 261 27
92294 208 265 27
92394 203 270 27
92494 201 273 26
92594 200 273 27
92694 200 274 26
92795 199 274 27
92895 194 279 27
92995 193 278 29
93095 191 279 30
93195 188 281 31
93295 186 283 31
93395 183 286 31
93496 180 289 31
93598 180 290 30
93699 179 290 31
93799 179 291 30
93899 176 294 30
93999 172 298 30
94099 169 301 30
94199 170 300 30
94300 169 302 29
94400 168 303 29
94500 161 309 30
94600 158 311 31
94700 154 315 31
94801 156 314 30
94901 153 317 30
95001 151 319 30
95101 150 319 31
95201 151 317 32
95301 150 317 33
95401 147 318 35
95502 144 320 36
95602 140 324 36
95702 140 325 35
95802 140 323 37
95902 140 322 38
96002 138 323 39
96103 135 325 40
96203 133 325 42
96303 133 324 43
96403 130 324 46
96503 129 323 48
96603 126 325 49
96704 122 328 50
96804 123 329 48
96904 120 332 48
97004 118 334 48
97104 115 335 50
97204 115 336 49
97305 114 338 48
97405 110 342 48
97505 105 346 49
97605 104 347 49
97705 101 350 49
97806 101 348 51
97906 99 349 52
98006 98 351 51
98106 94 354 52
98206 91 356 53
98306 91 356 53
98407 91 354 55
98507 90 355 55
98607 88 357 55
98707 88 355 57
98807 86 355 59
98907 77 364 59
99008 74 364 62
99108 72 366 62
99208 71 367 62
99308 71 366 63
99408 71 366 63
99508 70 367 63
99609 70 366 64
99709 67 369 64
99809 67 369 64
99909 66 369 65
100009 65 370 65
100109 64 370 66
100209 64 369 67
100310 65 369 66
100410 62 371 67
100510 62 372 66
100610 59 375 66
100710 59 375 66
100810 59 375 66
100911 57 376 67
101011 56 377 67
101111 56 377 67
101211 55 376 69
101311 55 376 69
101412 55 376 69
101512 54 376 70
101612 51 378 71
101712 48 381 71
101812 47 381 72
101912 45 383 72
102013 43 384 73
102113 43 382 75
102213 44 381 75
102313 45 381 74
102413 45 377 78
102514 44 378 78
102614 45 378 77
102714 44 377 79
102814 45 374 81
102914 46 374 80
103015 48 373 79
103115 49 373 78
103215 48 372 80
103315 48 372 80
103415 47 373 80
103515 47 374 79
103616 45 376 79
103716 45 377 78
103816 44 376 80
103916 42 377 81
104017 41 378 81
104117 41 378 81
104217 43 378 79
104317 43 378 79
104417 44 376 80
104517 44 374 82
104618 44 371 85
104718 44 370 86
104818 45 370 85
104918 44 369 87
105018 42 370 88
105119 43 369 88
105219 45 368 87
105319 45 367 88
105419 47 367 86
105519 46 368 86
105619 44 368 88
105720 44 368 88
105820 46 368 86
105920 47 364 89
106020 48 362 90
106120 49 361 90
106221 51 359 90
106321 52 357 91
106421 55 355 90
106521 55 355 90
106621 57 354 89
106721 57 353 90
106822 56 353 91
106922 54 353 93
107022 54 350 96
107122 56 348 96
107222 56 346 98
107322 56 343 101
107423 56 341 103
107523 57 337 106
107623 56 337 107
107723 56 336 108
107823 57 335 108
107924 58 334 108
108024 57 333 110
108124 58 330 112
108224 59 329 112
108325 59 329 112
108425 61 322 117
108525 61 321 118
108625 61 320 119
108725 62 316 122
108825 64 313 123
108926 64 312 124
109026 67 308 125
109126 67 307 126
109226 67 304 129
109326 68 303 129
109427 67 303 130
109527 67 297 136
109627 67 296 137
109727 67 292 141
109827 66 290 144
109928 67 287 146
110028 67 283 150
110128 68 279 153
110228 69 274 157
110328 68 270 162
110428 69 269 162
110529 69 269 162
110629 70 267 163
110729 70 264 166
110829 70 262 168
110929 71 262 167
111029 71 260 169
111130 72 260 168
111230 73 258 169
111330 72 259 169
111430 72 258 170
111530 72 255 173
111630 72 252 176
111731 72 249 179
111831 72 247 181
111931 73 247 180
112031 73 244 183
112131 76 241 183
112232 76 237 187
112332 76 230 194
112432 81 226 193
112532 80 225 195
112632 80 223 197
112732 84 223 193
112833 85 220 195
112933 83 218 199
113033 84 217 199
113133 84 215 201
113233 87 212 201
113333 87 210 203
113434 86 207 207
113534 85 205 210
113634 83 206 211
113734 85 205 210
113834 85 201 214
113934 86 200 214
114035 86 196 218
114135 86 194 220
114235 85 194 221
114335 84 191 225
114435 85 190 225
114535 88 182 230
114635 92 180 228
114736 92 179 229
114836 89 180 231
114936 91 178 231
115036 93 177 230
115136 93 176 231
115237 93 176 231
115337 95 176 229
115437 95 174 231
115537 95 168 237
115637 96 167 237
115738 96 167 237
115838 97 168 235
115938 98 168 234
116038 100 164 236
116138 101 163 236
116239 102 163 235
116339 104 163 233
116439 103 164 233
116539 103 163 234
116639 103 162 235
116739 101 160 239
116840 99 162 239
116940 100 160 240
117040 102 160 238
117140 104 157 239
117240 106 154 240
117340 109 152 239
117441 111 148 241
117541 115 145 240
117641 116 142 242
117741 116 142 242
117841 118 142 240
117941 120 139 241
118042 119 139 242
118142 121 134 245
118242 122 134 244
118342 122 134 244
118442 129 133 238
118542 130 133 237
118643 131 132 237
118743 134 132 234
118843 137 127 236
118943 138 120 242
119043 140 120 240
119144 140 120 240
119244 140 122 238
119347 142 122 236
119447 143 122 235
119547 148 121 231
119648 149 121 230
119748 153 120 227
119848 153 122 225
119948 154 123 223
